-4.731417298316955566e-01, 1.457210692024091259e-05, -8.809863328933715820e-01
-4.731701314449310303e-01, 2.732376196945551783e-05, -8.809710741043090820e-01
-2.109551876783370972e-01, -9.572915434837341309e-01, -1.977140605449676514e-01
-2.109974026679992676e-01, -9.572729468345642090e-01, -1.977590471506118774e-01
4.632043540477752686e-01, -9.204632043838500977e-02, 8.814585804939270020e-01
4.632783532142639160e-01, -9.204684942960739136e-02, 8.814195990562438965e-01
8.544184267520904541e-02, 9.952871203422546387e-01, -4.586110636591911316e-02
8.545080572366714478e-02, 9.952860474586486816e-01, -4.586604982614517212e-02
-8.769782781600952148e-01, 9.655274450778961182e-02, 4.707300066947937012e-01
-8.769888281822204590e-01, 9.654338657855987549e-02, 4.707121849060058594e-01
-4.731903076171875000e-01, -2.914451215474400669e-05, -8.809602856636047363e-01
-4.731826484203338623e-01, -2.368264358665328473e-05, -8.809643387794494629e-01
-2.110414952039718628e-01, 9.572620987892150879e-01, -1.977646201848983765e-01
-2.110483348369598389e-01, 9.572519063949584961e-01, -1.978065818548202515e-01
4.632560312747955322e-01, 9.205111116170883179e-02, 8.814309835433959961e-01
4.631913304328918457e-01, 9.205211699008941650e-02, 8.814647793769836426e-01
8.544213324785232544e-02, -9.952871203422546387e-01, -4.586143046617507935e-02
8.546210825443267822e-02, -9.952847957611083984e-01, -4.587230086326599121e-02
-8.769835233688354492e-01, -9.655813872814178467e-02, 4.707190692424774170e-01
-8.769843578338623047e-01, -9.654843807220458984e-02, 4.707195758819580078e-01
-5.339931249618530273e-01, -6.467567086219787598e-01, 5.445707440376281738e-01
-5.339941978454589844e-01, -6.467503309249877930e-01, 5.445770025253295898e-01
-2.094412893056869507e-01, -6.276741623878479004e-01, 7.497729659080505371e-01
-1.529345959424972534e-01, -5.298982858657836914e-01, 8.341575264930725098e-01
-1.133071407675743103e-01, -4.445465207099914551e-01, 8.885604739189147949e-01
-2.547786533832550049e-01, -4.195484817028045654e-01, 8.712444305419921875e-01
-1.553395390510559082e-01, -3.653469085693359375e-01, 9.178187251091003418e-01
-2.770003862679004669e-02, -3.835026323795318604e-01, 9.231242537498474121e-01
-4.385628700256347656e-01, -6.359665989875793457e-01, 6.349874138832092285e-01
-5.072622299194335938e-01, -6.144060492515563965e-01, 6.043096780776977539e-01
-1.590935587882995605e-01, -4.810052514076232910e-01, 8.621618151664733887e-01
-2.561975717544555664e-01, -4.634728133678436279e-01, 8.482663035392761230e-01
-3.274633586406707764e-01, -4.973538219928741455e-01, 8.033722043037414551e-01
-3.325781226158142090e-01, -4.961160421371459961e-01, 8.020353317260742188e-01
-4.257183670997619629e-01, -5.842620134353637695e-01, 6.909427642822265625e-01
-4.677881598472595215e-01, -5.714592337608337402e-01, 6.742466092109680176e-01
4.269303753972053528e-02, -3.907806873321533203e-01, 9.194931983947753906e-01
-8.612025412730872631e-04, -3.865151703357696533e-01, 9.222826957702636719e-01
-4.746505245566368103e-02, -4.529184997081756592e-01, 8.902875781059265137e-01
-4.584521949291229248e-01, -6.711411476135253906e-01, 5.825729370117187500e-01
-4.620491266250610352e-01, -6.291270256042480469e-01, 6.250678300857543945e-01
-3.960339128971099854e-01, -6.867708563804626465e-01, 6.095104217529296875e-01
-7.738472521305084229e-02, -4.493632912635803223e-01, 8.899912238121032715e-01
-1.295668035745620728e-01, -5.329053997993469238e-01, 8.361962437629699707e-01
-1.295664459466934204e-01, -5.329116582870483398e-01, 8.361923694610595703e-01
-1.529406160116195679e-01, -5.299052596092224121e-01, 8.341520428657531738e-01
-2.647677063941955566e-01, -5.647431015968322754e-01, 7.816413044929504395e-01
-3.183059692382812500e-01, -5.539599061012268066e-01, 7.692917585372924805e-01
-1.019926592707633972e-01, -3.468665182590484619e-01, 9.323524832725524902e-01
-4.746540635824203491e-02, -4.529177248477935791e-01, 8.902878761291503906e-01
-1.532758623361587524e-01, -4.384615421295166016e-01, 8.855834007263183594e-01
-1.906882524490356445e-01, -3.972594738006591797e-01, 8.976764678955078125e-01
-2.097603380680084229e-01, -5.212704539299011230e-01, 8.272107839584350586e-01
-2.575623095035552979e-01, -5.125629305839538574e-01, 8.191097974777221680e-01
-3.526036441326141357e-01, -5.669900178909301758e-01, 7.444414496421813965e-01
-3.239265680313110352e-01, -6.090761423110961914e-01, 7.239460945129394531e-01
-3.858739137649536133e-01, -5.949618816375732422e-01, 7.050685882568359375e-01
-3.858751058578491211e-01, -5.949829220771789551e-01, 7.050501704216003418e-01
-2.885780930519104004e-01, -6.680619716644287109e-01, 6.858686208724975586e-01
-2.025810480117797852e-01, -3.911209702491760254e-01, 8.977668881416320801e-01
-7.287410646677017212e-02, -4.118230938911437988e-01, 9.083452820777893066e-01
-7.007126510143280029e-02, -3.781633973121643066e-01, 9.230831265449523926e-01
-2.769888192415237427e-02, -3.834746181964874268e-01, 9.231359958648681641e-01
8.896490558981895447e-03, -3.328539729118347168e-01, 9.429364204406738281e-01
2.516579069197177887e-02, -3.345514237880706787e-01, 9.420413970947265625e-01
4.747133329510688782e-02, -2.658152878284454346e-01, 9.628544449806213379e-01
3.357363864779472351e-02, -2.641838788986206055e-01, 9.638877511024475098e-01
3.474953398108482361e-02, -4.071029648184776306e-02, 9.985665082931518555e-01
4.861610382795333862e-02, -1.570519357919692993e-01, 9.863929748535156250e-01
4.863244667649269104e-02, -1.570618152618408203e-01, 9.863905906677246094e-01
-7.048367988318204880e-03, -1.504150629043579102e-01, 9.885978698730468750e-01
2.224817126989364624e-02, -2.050315886735916138e-01, 9.785024523735046387e-01
-2.008224651217460632e-02, -1.997929215431213379e-01, 9.796323776245117188e-01
1.546798553317785263e-02, -2.622764706611633301e-01, 9.648687839508056641e-01
-4.272251948714256287e-02, -2.551548182964324951e-01, 9.659559130668640137e-01
-9.558654576539993286e-02, -3.197648823261260986e-01, 9.426630735397338867e-01
3.870074404403567314e-03, -3.322984278202056885e-01, 9.431663155555725098e-01
2.531409729272127151e-03, -2.607668340206146240e-01, 9.653984904289245605e-01
1.546893641352653503e-02, -2.622915804386138916e-01, 9.648646712303161621e-01
3.313489258289337158e-02, -1.989119499921798706e-01, 9.794569611549377441e-01
2.080153301358222961e-02, -1.537929326295852661e-01, 9.878841042518615723e-01
2.467953599989414215e-02, -1.543371975421905518e-01, 9.877099394798278809e-01
2.467916347086429596e-02, -1.543351262807846069e-01, 9.877102375030517578e-01
-8.719401434063911438e-03, -3.520098328590393066e-02, 9.993422031402587891e-01
-5.339937806129455566e-01, 6.467512845993041992e-01, 5.445764064788818359e-01
-2.097605168819427490e-01, 5.212700963020324707e-01, 8.272109031677246094e-01
-4.677883982658386230e-01, 5.714575648307800293e-01, 6.742479205131530762e-01
-3.615394234657287598e-01, 6.008777618408203125e-01, 7.129061222076416016e-01
-3.808888196945190430e-01, 4.835825562477111816e-01, 7.880809307098388672e-01
-2.097392827272415161e-01, 5.212889313697814941e-01, 8.272044658660888672e-01
-3.098875880241394043e-01, 4.515461921691894531e-01, 8.367052674293518066e-01
-2.679644227027893066e-01, 4.610006511211395264e-01, 8.459749221801757812e-01
-2.115444242954254150e-01, 4.282292127609252930e-01, 8.785606026649475098e-01
-1.090181246399879456e-01, 4.067906439304351807e-01, 9.069930911064147949e-01
-1.607087254524230957e-01, 3.986141085624694824e-01, 9.029282927513122559e-01
-7.007533311843872070e-02, 3.781908750534057617e-01, 9.230715632438659668e-01
-9.808892756700515747e-02, 3.742901980876922607e-01, 9.221092462539672852e-01
2.516519650816917419e-02, 3.345514535903930664e-01, 9.420414566993713379e-01
8.895894512534141541e-03, 3.328536748886108398e-01, 9.429365992546081543e-01
4.269303381443023682e-02, 3.907806575298309326e-01, 9.194932579994201660e-01
-4.400746524333953857e-02, 3.815554976463317871e-01, 9.232977628707885742e-01
-8.306176750920712948e-04, 4.576309621334075928e-01, 8.891418576240539551e-01
-1.255610883235931396e-01, 4.427601695060729980e-01, 8.878051042556762695e-01
-5.230895876884460449e-01, 6.506757140159606934e-01, 5.504528880119323730e-01
-4.620473086833953857e-01, 6.291267871856689453e-01, 6.250694394111633301e-01
-4.385626018047332764e-01, 6.359671950340270996e-01, 6.349871754646301270e-01
-3.858741521835327148e-01, 5.949621200561523438e-01, 7.050681710243225098e-01
-3.615374863147735596e-01, 6.008663177490234375e-01, 7.129167914390563965e-01
-3.175853192806243896e-01, 5.476894378662109375e-01, 7.740644216537475586e-01
-2.575636208057403564e-01, 5.125631093978881836e-01, 8.191093802452087402e-01
-2.575675547122955322e-01, 5.125886201858520508e-01, 8.190921545028686523e-01
-2.097652852535247803e-01, 5.212924480438232422e-01, 8.271957039833068848e-01
-1.267261803150177002e-01, 4.665279984474182129e-01, 8.753811717033386230e-01
-4.584548771381378174e-01, 6.711308360099792480e-01, 5.825827717781066895e-01
-4.179437160491943359e-01, 6.415433883666992188e-01, 6.432301402091979980e-01
-3.874346017837524414e-01, 6.490818858146667480e-01, 6.546657085418701172e-01
-3.065504729747772217e-01, 6.125280857086181641e-01, 7.285850644111633301e-01
-3.239282965660095215e-01, 6.090972423553466797e-01, 7.239273190498352051e-01
-2.206432074308395386e-01, 5.722062587738037109e-01, 7.898711562156677246e-01
-2.048523724079132080e-01, 5.745732784271240234e-01, 7.924020886421203613e-01
-1.529327929019927979e-01, 5.298972129821777344e-01, 8.341584801673889160e-01
-7.296752184629440308e-02, 5.389280915260314941e-01, 8.391855359077453613e-01
-5.339935421943664551e-01, 6.467559933662414551e-01, 5.445711016654968262e-01
-1.532771587371826172e-01, 4.384660124778747559e-01, 8.855809569358825684e-01
-1.532764285802841187e-01, 4.384613037109375000e-01, 8.855834007263183594e-01
-1.133077964186668396e-01, 4.445413053035736084e-01, 8.885630369186401367e-01
-4.501807317137718201e-02, 4.020803272724151611e-01, 9.144968986511230469e-01
-7.007124274969100952e-02, 3.781632781028747559e-01, 9.230831861495971680e-01
-2.769939787685871124e-02, 3.834738731384277344e-01, 9.231362342834472656e-01
-2.597736939787864685e-02, 3.288969993591308594e-01, 9.440084099769592285e-01
4.747197404503822327e-02, 2.658146917819976807e-01, 9.628546833992004395e-01
4.747198522090911865e-02, 2.658135592937469482e-01, 9.628548622131347656e-01
3.276222199201583862e-02, 1.553288102149963379e-01, 9.873194098472595215e-01
4.861583933234214783e-02, 1.570512205362319946e-01, 9.863931536674499512e-01
3.474910557270050049e-02, 4.070986807346343994e-02, 9.985666275024414062e-01
-1.668950170278549194e-02, 2.584559023380279541e-01, 9.658788442611694336e-01
1.410547085106372833e-02, 2.040221244096755981e-01, 9.788646101951599121e-01
-3.763634711503982544e-03, 2.018733173608779907e-01, 9.794044494628906250e-01
2.080384269356727600e-02, 1.538728773593902588e-01, 9.878715872764587402e-01
6.652954034507274628e-04, 1.513701081275939941e-01, 9.884768724441528320e-01
2.027097903192043304e-02, 3.894331678748130798e-02, 9.990358948707580566e-01
2.467949874699115753e-02, 1.543369591236114502e-01, 9.877099990844726562e-01
2.080181427299976349e-02, 1.537928432226181030e-01, 9.878841042518615723e-01
3.313421458005905151e-02, 1.989132463932037354e-01, 9.794568419456481934e-01
1.546850614249706268e-02, 2.622918784618377686e-01, 9.648646116256713867e-01
2.531409729272127151e-03, 2.607668340206146240e-01, 9.653984904289245605e-01
2.531491918489336967e-03, 2.607771754264831543e-01, 9.653957486152648926e-01
-3.896085545420646667e-02, 3.273030817508697510e-01, 9.441158771514892578e-01
-8.769869208335876465e-01, 9.654562920331954956e-02, 4.707155227661132812e-01
-8.769808411598205566e-01, 9.656718373298645020e-02, 4.707221388816833496e-01
-8.769825100898742676e-01, -9.654673188924789429e-02, 4.707232713699340820e-01
-8.769848346710205078e-01, -9.656051546335220337e-02, 4.707160294055938721e-01
2.517636306583881378e-02, -3.345533907413482666e-01, 9.420403838157653809e-01
2.516811527311801910e-02, -3.345613181591033936e-01, 9.420377612113952637e-01
4.747188091278076172e-02, -2.658164501190185547e-01, 9.628541469573974609e-01
4.746477305889129639e-02, -2.657922804355621338e-01, 9.628610610961914062e-01
3.355550393462181091e-02, -2.643076181411743164e-01, 9.638545513153076172e-01
3.356821835041046143e-02, -2.643301188945770264e-01, 9.638478159904479980e-01
3.474028035998344421e-02, -4.080978035926818848e-02, 9.985629320144653320e-01
3.473538905382156372e-02, -4.075953364372253418e-02, 9.985649585723876953e-01
4.863405227661132812e-02, -1.572123318910598755e-01, 9.863665699958801270e-01
4.861511662602424622e-02, -1.572044789791107178e-01, 9.863687753677368164e-01
4.861244559288024902e-02, -1.572057157754898071e-01, 9.863687157630920410e-01
4.863107576966285706e-02, -1.572091430425643921e-01, 9.863672852516174316e-01
-7.072080392390489578e-03, -1.504117101430892944e-01, 9.885981678962707520e-01
-7.070918101817369461e-03, -1.504082530736923218e-01, 9.885986447334289551e-01
2.224691770970821381e-02, -2.049950510263442993e-01, 9.785100817680358887e-01
2.222779206931591034e-02, -2.050290405750274658e-01, 9.785034656524658203e-01
-2.010546065866947174e-02, -1.997904032468795776e-01, 9.796323776245117188e-01
-2.010089159011840820e-02, -1.997832059860229492e-01, 9.796339869499206543e-01
1.547436881810426712e-02, -2.622649967670440674e-01, 9.648718833923339844e-01
1.546753663569688797e-02, -2.622766792774200439e-01, 9.648687243461608887e-01
-4.272003471851348877e-02, -2.551551461219787598e-01, 9.659558534622192383e-01
-4.271031916141510010e-02, -2.551374435424804688e-01, 9.659610390663146973e-01
3.862879239022731781e-03, -3.322974145412445068e-01, 9.431667327880859375e-01
3.853924572467803955e-03, -3.323115110397338867e-01, 9.431619048118591309e-01
2.535848412662744522e-03, -2.607672214508056641e-01, 9.653983712196350098e-01
2.533687511458992958e-03, -2.607752382755279541e-01, 9.653961062431335449e-01
1.546318084001541138e-02, -2.622905671596527100e-01, 9.648650288581848145e-01
1.546680554747581482e-02, -2.622838616371154785e-01, 9.648668169975280762e-01
3.313397616147994995e-02, -1.988916993141174316e-01, 9.794611930847167969e-01
3.313507139682769775e-02, -1.989103406667709351e-01, 9.794573783874511719e-01
3.311583772301673889e-02, -1.989786773920059204e-01, 9.794440865516662598e-01
2.080407552421092987e-02, -1.538726091384887695e-01, 9.878716468811035156e-01
2.082229591906070709e-02, -1.537944376468658447e-01, 9.878833889961242676e-01
2.468074671924114227e-02, -1.543364375829696655e-01, 9.877099990844726562e-01
2.468228712677955627e-02, -1.543484926223754883e-01, 9.877081513404846191e-01
2.467933855950832367e-02, -1.543431878089904785e-01, 9.877089858055114746e-01
2.468018233776092529e-02, -1.543381959199905396e-01, 9.877098202705383301e-01
-8.712879382073879242e-03, -3.515522181987762451e-02, 9.993438720703125000e-01
-8.719669654965400696e-03, -3.520300984382629395e-02, 9.993421435356140137e-01
2.517665922641754150e-02, 3.345533609390258789e-01, 9.420404434204101562e-01
2.516811527311801910e-02, 3.345605731010437012e-01, 9.420380592346191406e-01
4.747133329510688782e-02, 2.658152878284454346e-01, 9.628545045852661133e-01
4.746508598327636719e-02, 2.657916545867919922e-01, 9.628612399101257324e-01
4.746089503169059753e-02, 2.657681107521057129e-01, 9.628679752349853516e-01
4.747194051742553711e-02, 2.658171057701110840e-01, 9.628539681434631348e-01
3.276042267680168152e-02, 1.551686823368072510e-01, 9.873446822166442871e-01
3.276171535253524780e-02, 1.553198248147964478e-01, 9.873208403587341309e-01
4.863386973738670349e-02, 1.572108864784240723e-01, 9.863668680191040039e-01
4.861439764499664307e-02, 1.572044938802719116e-01, 9.863688349723815918e-01
3.474018722772598267e-02, 4.080945253372192383e-02, 9.985628724098205566e-01
3.473593294620513916e-02, 4.075887799263000488e-02, 9.985649585723876953e-01
-1.666509732604026794e-02, 2.584585845470428467e-01, 9.658785462379455566e-01
-1.667841710150241852e-02, 2.584365606307983398e-01, 9.658843278884887695e-01
1.410574465990066528e-02, 2.040215879678726196e-01, 9.788647890090942383e-01
1.410590577870607376e-02, 2.040232419967651367e-01, 9.788643121719360352e-01
-3.739454085007309914e-03, 2.018759250640869141e-01, 9.794039726257324219e-01
-3.760679624974727631e-03, 2.018370777368545532e-01, 9.794118404388427734e-01
2.082222886383533478e-02, 1.538710892200469971e-01, 9.878714680671691895e-01
2.082424424588680267e-02, 1.538751721382141113e-01, 9.878707528114318848e-01
6.653422606177628040e-04, 1.513814777135848999e-01, 9.884752035140991211e-01
6.631707656197249889e-04, 1.513854861259460449e-01, 9.884745478630065918e-01
2.028839662671089172e-02, 3.890347853302955627e-02, 9.990370273590087891e-01
2.026888541877269745e-02, 3.895208612084388733e-02, 9.990355372428894043e-01
2.468003332614898682e-02, 1.543364971876144409e-01, 9.877099990844726562e-01
2.468228526413440704e-02, 1.543481200933456421e-01, 9.877081513404846191e-01
2.080425247550010681e-02, 1.538722217082977295e-01, 9.878717064857482910e-01
2.082193642854690552e-02, 1.537944376468658447e-01, 9.878833889961242676e-01
3.313517570495605469e-02, 1.989820301532745361e-01, 9.794427752494812012e-01
3.313370048999786377e-02, 1.989108175039291382e-01, 9.794573187828063965e-01
3.312791511416435242e-02, 1.988908797502517700e-01, 9.794616103172302246e-01
1.546693965792655945e-02, 2.622828483581542969e-01, 9.648670554161071777e-01
1.546191144734621048e-02, 2.622904777526855469e-01, 9.648650884628295898e-01
2.534319646656513214e-03, 2.607748806476593018e-01, 9.653962850570678711e-01
2.535848412662744522e-03, 2.607672214508056641e-01, 9.653983712196350098e-01
2.535929903388023376e-03, 2.607775032520294189e-01, 9.653955698013305664e-01
2.524165669456124306e-03, 2.607562243938446045e-01, 9.654012918472290039e-01
-3.895219042897224426e-02, 3.273187875747680664e-01, 9.441108107566833496e-01
-3.896334394812583923e-02, 3.273028731346130371e-01, 9.441158175468444824e-01
3.359193727374076843e-02, -2.641848921775817871e-01, 9.638868570327758789e-01
3.355551511049270630e-02, -2.643070518970489502e-01, 9.638546705245971680e-01
3.476922586560249329e-02, -4.071363061666488647e-02, 9.985657334327697754e-01
3.475472331047058105e-02, -4.075976833701133728e-02, 9.985643029212951660e-01
4.861366376280784607e-02, -1.572058647871017456e-01, 9.863685965538024902e-01
4.863492026925086975e-02, -1.570546329021453857e-01, 9.863916635513305664e-01
4.865190386772155762e-02, -1.570639610290527344e-01, 9.863893389701843262e-01
4.861331358551979065e-02, -1.572069078683853149e-01, 9.863685369491577148e-01
3.313418850302696228e-02, -1.989137530326843262e-01, 9.794567823410034180e-01
2.468383871018886566e-02, -1.543391197919845581e-01, 9.877095818519592285e-01
2.469594962894916534e-02, -1.542813032865524292e-01, 9.877182245254516602e-01
2.469796128571033478e-02, -1.543379276990890503e-01, 9.877093434333801270e-01
2.469753287732601166e-02, -1.543392241001129150e-01, 9.877091646194458008e-01
-8.718994446098804474e-03, -3.520402312278747559e-02, 9.993421435356140137e-01
-8.718963712453842163e-03, -3.520119935274124146e-02, 9.993422031402587891e-01
4.747183248400688171e-02, 2.658135890960693359e-01, 9.628549218177795410e-01
4.747139662504196167e-02, 2.658131718635559082e-01, 9.628550410270690918e-01
3.275723010301589966e-02, 1.553272753953933716e-01, 9.873198270797729492e-01
3.275874257087707520e-02, 1.553183346986770630e-01, 9.873211383819580078e-01
4.863451793789863586e-02, 1.570545881986618042e-01, 9.863916635513305664e-01
4.861440882086753845e-02, 1.572041362524032593e-01, 9.863688945770263672e-01
3.476944938302040100e-02, 4.071276262402534485e-02, 9.985658526420593262e-01
3.475429117679595947e-02, 4.076064750552177429e-02, 9.985643029212951660e-01
6.700053345412015915e-04, 1.513723134994506836e-01, 9.884766340255737305e-01
6.665082182735204697e-04, 1.513787657022476196e-01, 9.884756207466125488e-01
2.027197368443012238e-02, 3.894642367959022522e-02, 9.990355968475341797e-01
2.027359604835510254e-02, 3.894331306219100952e-02, 9.990357160568237305e-01
2.468286454677581787e-02, 1.543383598327636719e-01, 9.877096414566040039e-01
2.469576522707939148e-02, 1.542801856994628906e-01, 9.877184629440307617e-01
3.313423320651054382e-02, 1.989116817712783813e-01, 9.794571399688720703e-01
3.357508778572082520e-02, -2.643106281757354736e-01, 9.638530015945434570e-01
3.357443213462829590e-02, -2.643104195594787598e-01, 9.638531208038330078e-01
3.357512131333351135e-02, -2.643329203128814697e-01, 9.638469219207763672e-01
3.356220573186874390e-02, -2.642871141433715820e-01, 9.638598561286926270e-01
3.474204987287521362e-02, -4.080959036946296692e-02, 9.985628128051757812e-01
3.473546728491783142e-02, -4.075708612799644470e-02, 9.985650777816772461e-01
3.475377708673477173e-02, -4.076091572642326355e-02, 9.985643029212951660e-01
3.475566208362579346e-02, -4.076043143868446350e-02, 9.985642433166503906e-01
4.863064363598823547e-02, -1.571709513664245605e-01, 9.863733649253845215e-01
4.861420392990112305e-02, -1.572096496820449829e-01, 9.863679409027099609e-01
4.863487184047698975e-02, -1.572093516588211060e-01, 9.863669872283935547e-01
4.863476380705833435e-02, -1.572078317403793335e-01, 9.863672256469726562e-01
4.863086715340614319e-02, -1.572059392929077148e-01, 9.863677620887756348e-01
4.863180220127105713e-02, -1.572080850601196289e-01, 9.863673448562622070e-01
4.863146319985389709e-02, -1.572080552577972412e-01, 9.863673448562622070e-01
4.862186685204505920e-02, -1.571696549654006958e-01, 9.863740205764770508e-01
3.312859684228897095e-02, -1.988916099071502686e-01, 9.794614315032958984e-01
3.313370421528816223e-02, -1.989108622074127197e-01, 9.794573187828063965e-01
3.313383087515830994e-02, -1.989816874265670776e-01, 9.794428944587707520e-01
2.469886653125286102e-02, -1.543380618095397949e-01, 9.877093434333801270e-01
2.469709701836109161e-02, -1.542816907167434692e-01, 9.877181649208068848e-01
2.467751316726207733e-02, -1.543473452329635620e-01, 9.877083301544189453e-01
2.468006312847137451e-02, -1.543446481227874756e-01, 9.877087473869323730e-01
2.468198724091053009e-02, -1.543363183736801147e-01, 9.877100586891174316e-01
2.467886544764041901e-02, -1.543438434600830078e-01, 9.877088665962219238e-01
2.467946335673332214e-02, -1.543405354022979736e-01, 9.877094626426696777e-01
2.468009106814861298e-02, -1.543381214141845703e-01, 9.877098202705383301e-01
-8.726715110242366791e-03, -3.517750650644302368e-02, 9.993429780006408691e-01
-8.712392300367355347e-03, -3.515512496232986450e-02, 9.993439316749572754e-01
-8.719607256352901459e-03, -3.520363941788673401e-02, 9.993421435356140137e-01
-8.718293160200119019e-03, -3.520329669117927551e-02, 9.993421435356140137e-01
4.746889695525169373e-02, 2.657928466796875000e-01, 9.628607034683227539e-01
4.747934266924858093e-02, 2.657698392868041992e-01, 9.628665447235107422e-01
4.745462164282798767e-02, 2.658126056194305420e-01, 9.628560543060302734e-01
4.745287448167800903e-02, 2.658129036426544189e-01, 9.628559947013854980e-01
3.274251520633697510e-02, 1.553161889314651489e-01, 9.873219728469848633e-01
3.277856111526489258e-02, 1.551708728075027466e-01, 9.873437285423278809e-01
3.275619819760322571e-02, 1.552816778421401978e-01, 9.873270392417907715e-01
3.274275735020637512e-02, 1.553175896406173706e-01, 9.873217940330505371e-01
4.863064363598823547e-02, 1.571709513664245605e-01, 9.863733649253845215e-01
4.861420392990112305e-02, 1.572096496820449829e-01, 9.863679409027099609e-01
4.863343015313148499e-02, 1.572093516588211060e-01, 9.863670468330383301e-01
4.863549768924713135e-02, 1.572078615427017212e-01, 9.863672256469726562e-01
3.473569080233573914e-02, 4.075774550437927246e-02, 9.985650777816772461e-01
3.474143892526626587e-02, 4.081007838249206543e-02, 9.985627532005310059e-01
3.475621342658996582e-02, 4.076021909713745117e-02, 9.985643029212951660e-01
3.475421294569969177e-02, 4.076047986745834351e-02, 9.985643029212951660e-01
6.660696235485374928e-04, 1.513821631669998169e-01, 9.884750843048095703e-01
6.660621147602796555e-04, 1.513804495334625244e-01, 9.884753823280334473e-01
6.671544979326426983e-04, 1.513868421316146851e-01, 9.884743690490722656e-01
6.660411600023508072e-04, 1.513785868883132935e-01, 9.884756803512573242e-01
2.027981542050838470e-02, 3.892503306269645691e-02, 9.990363717079162598e-01
2.027016505599021912e-02, 3.890121355652809143e-02, 9.990375041961669922e-01
2.027158439159393311e-02, 3.894649073481559753e-02, 9.990357160568237305e-01
2.027175761759281158e-02, 3.895171359181404114e-02, 9.990354180335998535e-01
2.469745650887489319e-02, 1.542802155017852783e-01, 9.877184033393859863e-01
2.469956688582897186e-02, 1.543393731117248535e-01, 9.877091646194458008e-01
2.467988431453704834e-02, 1.543433964252471924e-01, 9.877089858055114746e-01
2.467750199139118195e-02, 1.543479859828948975e-01, 9.877082705497741699e-01
3.311583772301673889e-02, 1.989780068397521973e-01, 9.794442653656005859e-01
3.313505649566650391e-02, 1.989102661609649658e-01, 9.794573783874511719e-01
3.313397616147994995e-02, 1.988903433084487915e-01, 9.794614911079406738e-01
8.769838213920593262e-01, -9.655486792325973511e-02, -4.707190096378326416e-01
8.769830465316772461e-01, -9.654653072357177734e-02, -4.707222282886505127e-01
8.769788146018981934e-01, 9.655638039112091064e-02, -4.707281887531280518e-01
8.769866228103637695e-01, 9.655041247606277466e-02, -4.707150161266326904e-01
-5.427415370941162109e-01, -4.832479953765869141e-01, 6.869519948959350586e-01
-5.751734375953674316e-01, -4.058856964111328125e-01, 7.102339863777160645e-01
-5.659993290901184082e-01, -4.832704663276672363e-01, 6.679028868675231934e-01
-6.539599895477294922e-01, -3.796020448207855225e-01, 6.543995141983032227e-01
1.294162273406982422e-01, -9.245765805244445801e-01, -3.583427667617797852e-01
1.085889041423797607e-01, -9.685355424880981445e-01, -2.239363044500350952e-01
1.172593981027603149e-01, -9.664931893348693848e-01, -2.283444106578826904e-01
9.460081905126571655e-02, -9.907557368278503418e-01, -9.723082929849624634e-02
6.244453787803649902e-02, -9.949300289154052734e-01, -7.883436977863311768e-02
1.708442866802215576e-01, -9.112329483032226562e-01, -3.747889101505279541e-01
1.504472196102142334e-01, -9.577972292900085449e-01, -2.449288070201873779e-01
1.587799489498138428e-01, -9.553776979446411133e-01, -2.490827739238739014e-01
1.353972405195236206e-01, -9.834309220314025879e-01, -1.205456703901290894e-01
1.010648831725120544e-01, -9.897453784942626953e-01, -1.009451448917388916e-01
1.076558455824851990e-01, -9.308086037635803223e-01, -3.492927551269531250e-01
8.677484840154647827e-02, -9.732299447059631348e-01, -2.128227800130844116e-01
9.565791487693786621e-02, -9.713900089263916016e-01, -2.173729985952377319e-01
7.354965060949325562e-02, -9.936382174491882324e-01, -8.528599888086318970e-02
6.243135780096054077e-02, -9.949274063110351562e-01, -7.887802273035049438e-02
1.504756510257720947e-01, -9.180324077606201172e-01, -3.668426573276519775e-01
1.298165172338485718e-01, -9.634057283401489258e-01, -2.345146089792251587e-01
1.383146643638610840e-01, -9.611156582832336426e-01, -2.390100061893463135e-01
1.152378246188163757e-01, -9.873343110084533691e-01, -1.090471222996711731e-01
1.010640263557434082e-01, -9.897464513778686523e-01, -1.009358242154121399e-01
9.759332239627838135e-02, -9.952255487442016602e-01, -1.253798138350248337e-03
7.904753834009170532e-02, -9.968183040618896484e-01, 1.023951079696416855e-02
4.774523898959159851e-02, -9.939190149307250977e-01, 9.922292828559875488e-02
4.282855242490768433e-02, -9.938142895698547363e-01, 1.024643555283546448e-01
2.849105559289455414e-02, -9.895773530006408691e-01, 1.411559581756591797e-01
-5.395411327481269836e-02, -9.784191846847534180e-01, 1.994614154100418091e-01
-8.780952543020248413e-02, -9.618681669235229492e-01, 2.590349316596984863e-01
-1.578880399465560913e-01, -9.378175735473632812e-01, 3.091432750225067139e-01
-2.105337679386138916e-01, -9.024863243103027344e-01, 3.757579028606414795e-01
-2.341639846563339233e-01, -8.895734548568725586e-01, 3.922069072723388672e-01
-2.862533926963806152e-01, -8.409436941146850586e-01, 4.592086970806121826e-01
-3.015965521335601807e-01, -8.297975063323974609e-01, 4.695484042167663574e-01
-3.493566513061523438e-01, -7.708660364151000977e-01, 5.326494574546813965e-01
-3.545333743095397949e-01, -7.661756873130798340e-01, 5.359859466552734375e-01
-3.961260616779327393e-01, -7.012177705764770508e-01, 5.927712917327880859e-01
-4.150505065917968750e-01, -6.801468133926391602e-01, 6.042626500129699707e-01
-4.354477524757385254e-01, -6.092408895492553711e-01, 6.627297997474670410e-01
-4.540837705135345459e-01, -5.830307602882385254e-01, 6.737084984779357910e-01
-4.663634002208709717e-01, -5.483058691024780273e-01, 6.941655874252319336e-01
-4.874526858329772949e-01, -5.306666493415832520e-01, 6.933851242065429688e-01
-4.829157292842864990e-01, -5.386673212051391602e-01, 6.903838515281677246e-01
-5.427469611167907715e-01, -4.832446873188018799e-01, 6.869499087333679199e-01
-5.012561678886413574e-01, -5.660566687583923340e-01, 6.544633507728576660e-01
-5.993872284889221191e-01, -5.301258563995361328e-01, 5.997511744499206543e-01
-6.539773941040039062e-01, -3.796190023422241211e-01, 6.543722152709960938e-01
-6.635312438011169434e-01, -1.644612401723861694e-01, 7.298485636711120605e-01
-5.955684781074523926e-01, -4.260925948619842529e-01, 6.809871196746826172e-01
-6.169112920761108398e-01, -2.795245051383972168e-01, 7.357218861579895020e-01
-5.427409410476684570e-01, -4.832453429698944092e-01, 6.869542598724365234e-01
-5.535060167312622070e-01, -3.965656161308288574e-01, 7.323705554008483887e-01
-4.874581098556518555e-01, -5.306758880615234375e-01, 6.933741569519042969e-01
-4.924832582473754883e-01, -5.104248523712158203e-01, 7.049302458763122559e-01
-4.510346055030822754e-01, -5.775385499000549316e-01, 6.804535388946533203e-01
-4.439771771430969238e-01, -5.974425673484802246e-01, 6.677923202514648438e-01
-4.031625688076019287e-01, -6.515118479728698730e-01, 6.426447033882141113e-01
-3.834869265556335449e-01, -7.147083878517150879e-01, 5.849184989929199219e-01
-3.496425747871398926e-01, -7.486858367919921875e-01, 5.632225275039672852e-01
-3.086483776569366455e-01, -8.055383563041687012e-01, 5.058103799819946289e-01
-2.986689805984497070e-01, -8.134685158729553223e-01, 4.990650713443756104e-01
-2.515656054019927979e-01, -8.643727302551269531e-01, 4.354015886783599854e-01
-2.332349717617034912e-01, -8.758057951927185059e-01, 4.225703477859497070e-01
-1.829973012208938599e-01, -9.162827730178833008e-01, 3.562833070755004883e-01
-1.584670394659042358e-01, -9.274525046348571777e-01, 3.387036621570587158e-01
-1.090735420584678650e-01, -9.553993344306945801e-01, 2.744361162185668945e-01
-5.600107461214065552e-02, -9.701849222183227539e-01, 2.358071506023406982e-01
-2.455498091876506805e-02, -9.835719466209411621e-01, 1.788385361433029175e-01
4.096451401710510254e-02, -9.903786182403564453e-01, 1.321821212768554688e-01
5.465755239129066467e-02, -9.940025806427001953e-01, 9.471713751554489136e-02
7.550169527530670166e-02, -9.938576817512512207e-01, 8.091022074222564697e-02
1.066715940833091736e-01, -9.942703843116760254e-01, -6.896075326949357986e-03
1.327848732471466064e-01, -9.908738136291503906e-01, -2.317966893315315247e-02
-5.371236205101013184e-01, 6.501115560531616211e-01, 5.374506115913391113e-01
-6.539598703384399414e-01, 3.796020448207855225e-01, 6.543995738029479980e-01
-5.659998655319213867e-01, 4.832701981067657471e-01, 6.679027676582336426e-01
-5.751730203628540039e-01, 4.058881998062133789e-01, 7.102329134941101074e-01
-5.427412390708923340e-01, 4.832476973533630371e-01, 6.869522929191589355e-01
-5.515130758285522461e-01, 4.636256694793701172e-01, 6.934583783149719238e-01
-4.985072016716003418e-01, 5.710428357124328613e-01, 6.522274613380432129e-01
-5.053730010986328125e-01, 4.977288842201232910e-01, 7.048859000205993652e-01
1.076559275388717651e-01, 9.308112859725952148e-01, -3.492859005928039551e-01
1.298176050186157227e-01, 9.633503556251525879e-01, -2.347413152456283569e-01
9.565812349319458008e-02, 9.713893532752990723e-01, -2.173760384321212769e-01
1.152387782931327820e-01, 9.873336553573608398e-01, -1.090513691306114197e-01
1.010674163699150085e-01, 9.897339344024658203e-01, -1.010553836822509766e-01
1.504764556884765625e-01, 9.180751442909240723e-01, -3.667352795600891113e-01
1.704856455326080322e-01, 9.518353939056396484e-01, -2.548413872718811035e-01
1.383115053176879883e-01, 9.611546397209167480e-01, -2.388550639152526855e-01
1.551078259944915771e-01, 9.790636301040649414e-01, -1.318172961473464966e-01
1.379296332597732544e-01, 9.828984141349792480e-01, -1.220085248351097107e-01
8.523362129926681519e-02, 9.366136789321899414e-01, -3.398380875587463379e-01
1.085891351103782654e-01, 9.685322046279907227e-01, -2.239504903554916382e-01
7.348906993865966797e-02, 9.757790565490722656e-01, -2.060451805591583252e-01
9.460204094648361206e-02, 9.907433390617370605e-01, -9.735571593046188354e-02
6.243107095360755920e-02, 9.949276447296142578e-01, -7.887610048055648804e-02
7.944752275943756104e-02, 9.967889189720153809e-01, 9.995606727898120880e-03
5.015500262379646301e-02, 9.983462095260620117e-01, 2.809725888073444366e-02
7.550261914730072021e-02, 9.938596487045288086e-01, 8.088476955890655518e-02
3.025328181684017181e-02, 9.933880567550659180e-01, 1.107469424605369568e-01
4.096534475684165955e-02, 9.903809428215026855e-01, 1.321646273136138916e-01
-8.563352376222610474e-02, 9.714112281799316406e-01, 2.214204818010330200e-01
-5.599360913038253784e-02, 9.701938033103942871e-01, 2.357719987630844116e-01
-2.102254629135131836e-01, 9.145601987838745117e-01, 3.455212414264678955e-01
-1.584675163030624390e-01, 9.274436235427856445e-01, 3.387272953987121582e-01
-2.877177000045776367e-01, 8.564503192901611328e-01, 4.286155700683593750e-01
-2.332348525524139404e-01, 8.758121132850646973e-01, 4.225572943687438965e-01
-3.529901206493377686e-01, 7.887632846832275391e-01, 5.032399892807006836e-01
-2.986718416213989258e-01, 8.134785294532775879e-01, 4.990468025207519531e-01
-4.017955958843231201e-01, 7.202110290527343750e-01, 5.655583739280700684e-01
-3.496432304382324219e-01, 7.486886978149414062e-01, 5.632183551788330078e-01
-4.481749832630157471e-01, 6.405668258666992188e-01, 6.235489845275878906e-01
-4.031388163566589355e-01, 6.515219211578369141e-01, 6.426493525505065918e-01
-4.710284471511840820e-01, 5.579252243041992188e-01, 6.832654476165771484e-01
-4.445133805274963379e-01, 5.658505558967590332e-01, 6.944213509559631348e-01
-4.874534010887145996e-01, 5.306653976440429688e-01, 6.933855414390563965e-01
1.294185370206832886e-01, 9.246538877487182617e-01, -3.581424653530120850e-01
1.504476666450500488e-01, 9.577714204788208008e-01, -2.450293153524398804e-01
1.172594949603080750e-01, 9.665024876594543457e-01, -2.283049523830413818e-01
1.354020982980728149e-01, 9.834127426147460938e-01, -1.206887438893318176e-01
1.010641753673553467e-01, 9.897458553314208984e-01, -1.009409129619598389e-01
1.153765618801116943e-01, 9.932455420494079590e-01, -1.230922061949968338e-02
7.904847711324691772e-02, 9.968184828758239746e-01, 1.021079719066619873e-02
1.021847575902938843e-01, 9.927594065666198730e-01, 6.314351409673690796e-02
4.280621558427810669e-02, 9.938089847564697266e-01, 1.025242209434509277e-01
5.275379493832588196e-02, 9.909222722053527832e-01, 1.236525624990463257e-01
-5.395734310150146484e-02, 9.784230589866638184e-01, 1.994415223598480225e-01
-2.642004378139972687e-02, 9.764993786811828613e-01, 2.138945311307907104e-01
-1.578893214464187622e-01, 9.378062486648559570e-01, 3.091769516468048096e-01
-1.097555309534072876e-01, 9.466112852096557617e-01, 3.031183481216430664e-01
-2.341651171445846558e-01, 8.895830512046813965e-01, 3.921846151351928711e-01
-1.824006438255310059e-01, 9.042213559150695801e-01, 3.861526548862457275e-01
-3.015938401222229004e-01, 8.297924995422363281e-01, 4.695588648319244385e-01
-2.491570860147476196e-01, 8.496843576431274414e-01, 4.647121131420135498e-01
-3.545308709144592285e-01, 7.661656141281127930e-01, 5.360019803047180176e-01
-3.043653666973114014e-01, 7.896105647087097168e-01, 5.328009724617004395e-01
-4.150565266609191895e-01, 6.801378130912780762e-01, 6.042686700820922852e-01
-3.722391724586486816e-01, 6.886058449745178223e-01, 6.223022937774658203e-01
-4.540895521640777588e-01, 5.830467343330383301e-01, 6.736906170845031738e-01
-4.409168362617492676e-01, 5.926366448402404785e-01, 6.740728616714477539e-01
-4.838244020938873291e-01, 5.252006053924560547e-01, 7.000558972358703613e-01
-4.962289929389953613e-01, 5.148288607597351074e-01, 6.990765929222106934e-01
-5.242004394531250000e-01, 4.606066048145294189e-01, 7.162788510322570801e-01
-5.728396177291870117e-01, 4.119241535663604736e-01, 7.086418867111206055e-01
-5.751700401306152344e-01, 4.058883786201477051e-01, 7.102351784706115723e-01
-6.376965045928955078e-01, 2.898246943950653076e-01, 7.136839628219604492e-01
-6.203767061233520508e-01, 3.521063923835754395e-01, 7.008236646652221680e-01
-6.962022781372070312e-01, 1.732605397701263428e-01, 6.966226100921630859e-01
8.769814372062683105e-01, -9.655316919088363647e-02, -4.707239270210266113e-01
8.769851922988891602e-01, -9.654769301414489746e-02, -4.707179963588714600e-01
8.769860267639160156e-01, 9.655005484819412231e-02, -4.707161188125610352e-01
8.769805431365966797e-01, 9.656139463186264038e-02, -4.707239568233489990e-01
1.294000446796417236e-01, -9.245817065238952637e-01, -3.583354055881500244e-01
1.294096410274505615e-01, -9.245973825454711914e-01, -3.582915365695953369e-01
1.085888147354125977e-01, -9.685345292091369629e-01, -2.239406704902648926e-01
1.085898876190185547e-01, -9.685346484184265137e-01, -2.239393740892410278e-01
1.172577366232872009e-01, -9.664932489395141602e-01, -2.283452600240707397e-01
1.172610446810722351e-01, -9.664986133575439453e-01, -2.283203601837158203e-01
9.460943937301635742e-02, -9.907484054565429688e-01, -9.729644656181335449e-02
9.461984783411026001e-02, -9.907526969909667969e-01, -9.724263101816177368e-02
6.243822351098060608e-02, -9.949297904968261719e-01, -7.884197682142257690e-02
1.708442717790603638e-01, -9.112315177917480469e-01, -3.747923076152801514e-01
1.708378642797470093e-01, -9.112233519554138184e-01, -3.748150467872619629e-01
1.504629254341125488e-01, -9.577901363372802734e-01, -2.449470907449722290e-01
1.504645049571990967e-01, -9.577924609184265137e-01, -2.449365705251693726e-01
1.587672084569931030e-01, -9.553810954093933105e-01, -2.490781247615814209e-01
1.587691754102706909e-01, -9.553838372230529785e-01, -2.490662187337875366e-01
1.354154497385025024e-01, -9.834237098693847656e-01, -1.205839216709136963e-01
1.354199051856994629e-01, -9.834263324737548828e-01, -1.205578818917274475e-01
1.010625958442687988e-01, -9.897451996803283691e-01, -1.009493991732597351e-01
1.076552942395210266e-01, -9.308075904846191406e-01, -3.492957651615142822e-01
1.076567098498344421e-01, -9.308093190193176270e-01, -3.492909371852874756e-01
8.677649497985839844e-02, -9.732255339622497559e-01, -2.128424644470214844e-01
8.677972108125686646e-02, -9.732282161712646484e-01, -2.128287851810455322e-01
9.563759714365005493e-02, -9.713936448097229004e-01, -2.173656821250915527e-01
9.563708305358886719e-02, -9.713946580886840820e-01, -2.173613458871841431e-01
7.355891168117523193e-02, -9.936423897743225098e-01, -8.522870391607284546e-02
7.354703545570373535e-02, -9.936384558677673340e-01, -8.528436720371246338e-02
6.243528425693511963e-02, -9.949271082878112793e-01, -7.887957990169525146e-02
6.245136260986328125e-02, -9.949288964271545410e-01, -7.884506136178970337e-02
1.504614502191543579e-01, -9.180375337600708008e-01, -3.668356239795684814e-01
1.504813730716705322e-01, -9.180749058723449707e-01, -3.667339980602264404e-01
1.298147290945053101e-01, -9.633787274360656738e-01, -2.346262335777282715e-01
1.298334896564483643e-01, -9.634012579917907715e-01, -2.345236092805862427e-01
1.382909119129180908e-01, -9.611214399337768555e-01, -2.390005886554718018e-01
1.383102089166641235e-01, -9.611487984657287598e-01, -2.388792634010314941e-01
1.152291968464851379e-01, -9.873293042182922363e-01, -1.091013923287391663e-01
1.152380630373954773e-01, -9.873338341712951660e-01, -1.090502440929412842e-01
1.010664105415344238e-01, -9.897456169128417969e-01, -1.009420529007911682e-01
1.010471656918525696e-01, -9.897430539131164551e-01, -1.009853407740592957e-01
9.757541865110397339e-02, -9.952273964881896973e-01, -1.265929662622511387e-03
7.904713600873947144e-02, -9.968183040618896484e-01, 1.023853383958339691e-02
7.904852181673049927e-02, -9.968181252479553223e-01, 1.024203002452850342e-02
4.773249104619026184e-02, -9.939163327217102051e-01, 9.925714135169982910e-02
4.772234708070755005e-02, -9.939187765121459961e-01, 9.923759847879409790e-02
4.280963540077209473e-02, -9.938139319419860840e-01, 1.024747118353843689e-01
4.281794652342796326e-02, -9.938118457794189453e-01, 1.024930477142333984e-01
2.848967164754867554e-02, -9.895775914192199707e-01, 1.411539167165756226e-01
2.849028073251247406e-02, -9.895775318145751953e-01, 1.411549746990203857e-01
-5.395790562033653259e-02, -9.784196615219116211e-01, 1.994580179452896118e-01
-8.780436962842941284e-02, -9.618678689002990723e-01, 2.590380907058715820e-01
-4.150595664978027344e-01, -6.801428198814392090e-01, 6.042608618736267090e-01
-4.354403913021087646e-01, -6.092416048049926758e-01, 6.627339124679565430e-01
-4.031375646591186523e-01, -6.515185832977294922e-01, 6.426535844802856445e-01
-3.835116624832153320e-01, -7.147047519683837891e-01, 5.849068164825439453e-01
-5.599516630172729492e-02, -9.701848626136779785e-01, 2.358089536428451538e-01
-2.455873787403106689e-02, -9.835726618766784668e-01, 1.788344979286193848e-01
4.098357632756233215e-02, -9.903798699378967285e-01, 1.321673244237899780e-01
4.097643867135047913e-02, -9.903820753097534180e-01, 1.321532130241394043e-01
5.465707182884216309e-02, -9.940029978752136230e-01, 9.471307694911956787e-02
5.465775355696678162e-02, -9.940029382705688477e-01, 9.471452236175537109e-02
7.550163567066192627e-02, -9.938576817512512207e-01, 8.091007173061370850e-02
7.550087571144104004e-02, -9.938578009605407715e-01, 8.090925961732864380e-02
1.066837981343269348e-01, -9.942688345909118652e-01, -6.931076291948556900e-03
1.066924780607223511e-01, -9.942680597305297852e-01, -6.909298710525035858e-03
1.328071504831314087e-01, -9.908711910247802734e-01, -2.316199243068695068e-02
1.076541393995285034e-01, 9.307916164398193359e-01, -3.493385016918182373e-01
1.076737195253372192e-01, 9.308065176010131836e-01, -3.492928743362426758e-01
1.298337578773498535e-01, 9.633711576461791992e-01, -2.346467673778533936e-01
1.297982931137084961e-01, 9.633559584617614746e-01, -2.347287237644195557e-01
9.563650935888290405e-02, 9.713938832283020020e-01, -2.173651903867721558e-01
9.563630074262619019e-02, 9.713936448097229004e-01, -2.173664718866348267e-01
1.152394786477088928e-01, 9.873273968696594238e-01, -1.091076955199241638e-01
1.152572929859161377e-01, 9.873303771018981934e-01, -1.090620905160903931e-01
1.010574102401733398e-01, 9.897413253784179688e-01, -1.009920686483383179e-01
1.010485887527465820e-01, 9.897369146347045898e-01, -1.010450124740600586e-01
1.504620015621185303e-01, 9.180666804313659668e-01, -3.667626380920410156e-01
1.504734754562377930e-01, 9.180768728256225586e-01, -3.667325675487518311e-01
1.704856008291244507e-01, 9.518332481384277344e-01, -2.548491358757019043e-01
1.704886555671691895e-01, 9.518342614173889160e-01, -2.548435926437377930e-01
1.382884532213211060e-01, 9.611518383026123047e-01, -2.388794571161270142e-01
1.383007019758224487e-01, 9.611572027206420898e-01, -2.388512045145034790e-01
1.551222950220108032e-01, 9.790611863136291504e-01, -1.318189501762390137e-01
1.551210880279541016e-01, 9.790605306625366211e-01, -1.318249106407165527e-01
1.379517167806625366e-01, 9.828925132751464844e-01, -1.220315620303153992e-01
1.379527300596237183e-01, 9.828932285308837891e-01, -1.220248788595199585e-01
8.522530645132064819e-02, 9.366024136543273926e-01, -3.398716151714324951e-01
8.523759245872497559e-02, 9.366147518157958984e-01, -3.398345112800598145e-01
1.085893511772155762e-01, 9.685347676277160645e-01, -2.239391803741455078e-01
1.085844710469245911e-01, 9.685336351394653320e-01, -2.239466160535812378e-01
7.349364459514617920e-02, 9.757812619209289551e-01, -2.060332745313644409e-01
7.348895817995071411e-02, 9.757790565490722656e-01, -2.060452103614807129e-01
9.462058544158935547e-02, 9.907457828521728516e-01, -9.731265157461166382e-02
9.460198134183883667e-02, 9.907433390617370605e-01, -9.735590219497680664e-02
6.245084106922149658e-02, 9.949287772178649902e-01, -7.884450256824493408e-02
6.243530660867691040e-02, 9.949269294738769531e-01, -7.888036221265792847e-02
7.944539934396743774e-02, 9.967891573905944824e-01, 9.997030720114707947e-03
7.944528758525848389e-02, 9.967890381813049316e-01, 9.996423497796058655e-03
5.013296380639076233e-02, 9.983476996421813965e-01, 2.808227203786373138e-02
7.550276815891265869e-02, 9.938597679138183594e-01, 8.088461309671401978e-02
3.025243617594242096e-02, 9.933881163597106934e-01, 1.107467934489250183e-01
4.098287597298622131e-02, 9.903790950775146484e-01, 1.321729868650436401e-01
1.294014453887939453e-01, 9.246216416358947754e-01, -3.582320213317871094e-01
1.294355094432830811e-01, 9.246494174003601074e-01, -3.581477701663970947e-01
1.504646837711334229e-01, 9.577928185462951660e-01, -2.449352890253067017e-01
1.504305005073547363e-01, 9.577764272689819336e-01, -2.450202405452728271e-01
1.172568500041961670e-01, 9.665014743804931641e-01, -2.283109575510025024e-01
1.172594428062438965e-01, 9.665025472640991211e-01, -2.283044904470443726e-01
1.354214102029800415e-01, 9.834164381027221680e-01, -1.206368505954742432e-01
1.354015469551086426e-01, 9.834128022193908691e-01, -1.206878274679183960e-01
1.010468900203704834e-01, 9.897431731224060059e-01, -1.009846404194831848e-01
1.010657250881195068e-01, 9.897459745407104492e-01, -1.009383648633956909e-01
1.153623014688491821e-01, 9.932470321655273438e-01, -1.232761610299348831e-02
1.153766289353370667e-01, 9.932454228401184082e-01, -1.230910979211330414e-02
7.904822379350662231e-02, 9.968184828758239746e-01, 1.021077949553728104e-02
1.021655797958374023e-01, 9.927621483802795410e-01, 6.313054263591766357e-02
4.282383248209953308e-02, 9.938070774078369141e-01, 1.025354266166687012e-01
5.275388807058334351e-02, 9.909221529960632324e-01, 1.236531734466552734e-01
